name,gmail,password
Ahihi,Ahihi@gmail.com,ahihi
Ahihihihihi,Ahihihihihi@gmail.com,ahihiaaaa
